2
739 0
738 0
740 0
741 0
742 0
743 0
737 0
736 0
735 0
734 0
733 0
732 0
731 0
730 0
729 0
728 0
744 0
745 0
746 0
747 0
748 0
749 0
750 0
751 0
752 0
753 0
754 0
755 0
756 0
757 0
758 0
759 0
760 0
761 0
762 0
763 0
727 0
726 0
725 0
724 0
723 0
722 0
721 0
720 0
719 0
718 0
717 0
716 0
715 0
714 0
713 0
712 0
711 0
710 0
709 0
708 0
707 0
706 0
705 0
704 0
703 0
702 0
701 0
700 0
699 0
698 0
697 0
696 0
695 0
694 0
693 0
692 0
691 0
690 0
689 0
688 0
687 0
686 0
764 0
765 0
766 0
767 0
768 0
769 0
770 0
771 0
772 0
773 0
774 0
775 0
776 0
777 0
778 0
779 0
780 0
781 0
782 0
783 0
784 0
785 0
786 0
787 0
788 0
789 0
790 0
791 0
792 0
793 0
794 0
795 0
796 0
797 0
798 0
799 0
800 0
801 0
802 0
803 0
804 0
805 0
806 0
807 0
808 0
809 0
810 0
811 0
812 0
813 0
814 0
815 0
816 0
817 0
818 0
819 0
820 0
821 0
822 0
823 0
824 0
825 0
826 0
827 0
828 0
829 0
830 0
831 0
832 0
833 0
834 0
835 0
836 0
837 0
838 0
839 0
840 0
841 0
842 0
843 0
844 0
845 0
846 0
847 0
848 0
849 0
850 0
685 0
684 0
683 0
682 0
681 0
680 0
679 0
678 0
677 0
676 0
675 0
674 0
673 0
672 0
671 0
670 0
669 0
668 0
667 0
666 0
665 0
664 0
663 0
662 0
661 0
660 0
659 0
658 0
657 0
656 0
655 0
654 0
653 0
652 0
651 0
650 0
649 0
648 0
647 0
646 0
645 0
644 0
643 0
642 0
641 0
640 0
639 0
638 0
637 0
636 0
635 0
634 0
633 0
632 0
631 0
630 0
629 0
628 0
627 0
626 0
625 0
624 0
623 0
622 0
621 0
620 0
619 0
618 0
617 0
616 0
615 0
614 0
613 0
612 0
611 0
610 0
609 0
608 0
607 0
606 0
605 0
604 0
603 0
602 0
601 0
600 0
599 0
598 0
597 0
596 0
595 0
594 0
593 0
592 0
591 0
590 0
589 0
588 0
587 0
586 0
585 0
584 0
583 0
582 0
581 0
580 0
579 0
578 0
577 0
576 0
575 0
574 0
573 0
572 0
571 0
570 0
569 0
568 0
567 0
566 0
565 0
564 0
563 0
562 0
561 0
560 0
559 0
558 0
557 0
556 0
555 0
554 0
553 0
552 0
551 0
550 0
549 0
548 0
547 0
546 0
545 0
544 0
543 0
542 0
541 0
540 0
539 0
538 0
537 0
536 0
535 0
534 0
533 0
532 0
531 0
530 0
529 0
528 0
527 0
526 0
525 0
524 0
523 0
522 0
521 0
520 0
519 0
518 0
517 0
516 0
851 0
852 0
853 0
854 0
855 0
856 0
857 0
858 0
859 0
860 0
861 0
862 0
863 0
864 0
865 0
866 0
867 0
868 0
869 0
870 0
871 0
872 0
873 0
874 0
875 0
876 0
877 0
878 0
879 0
880 0
881 0
882 0
883 0
884 0
885 0
886 0
887 0
888 0
889 0
890 0
891 0
892 0
893 0
894 0
895 0
896 0
897 0
898 0
899 0
900 0
901 0
902 0
903 0
904 0
905 0
906 0
907 0
908 0
909 0
910 0
911 0
912 0
913 0
914 0
915 0
916 0
917 0
918 0
919 0
920 0
921 0
922 0
923 0
924 0
925 0
926 0
927 0
928 0
929 0
930 0
931 0
932 0
933 0
934 0
935 0
936 0
937 0
938 0
939 0
940 0
941 0
942 0
943 0
944 0
945 0
946 0
947 0
948 0
949 0
950 0
951 0
952 0
953 0
954 0
955 0
956 0
957 0
958 0
959 0
960 0
961 0
962 0
963 0
964 0
965 0
966 0
967 0
968 0
969 0
970 0
971 0
972 0
973 0
974 0
975 0
976 0
977 0
978 0
979 0
980 0
981 0
982 0
983 0
984 0
985 0
986 0
987 0
988 0
989 0
990 0
991 0
992 0
993 0
994 0
995 0
996 0
997 0
998 0
999 0
1000 0
1001 0
1002 0
1003 0
1004 0
1005 0
1006 0
1007 0
1008 0
1009 0
1010 0
1011 0
1012 0
1013 0
1014 0
1015 0
1016 0
1017 0
1018 0
1019 0
1020 0
1021 0
1022 0
1023 0
1024 0
1025 0
1026 0
1027 0
1028 0
1029 0
1030 0
1031 0
1032 0
1033 0
1034 0
1035 0
1036 0
1037 0
1038 0
1039 0
1040 0
1041 0
1042 0
1043 0
1044 0
1045 0
1046 0
1047 0
1048 0
1049 0
1050 0
1051 0
1052 0
1053 0
1054 0
1055 0
1056 0
1057 0
1058 0
1059 0
1060 0
1061 0
1062 0
1063 0
1064 0
1065 0
1066 0
1067 0
1068 0
1069 0
1070 0
1071 0
1072 0
1073 0
1074 0
1075 0
1076 0
1077 0
1078 0
1079 0
1080 0
1081 0
1082 0
1083 0
1084 0
1085 0
1086 0
1087 0
1088 0
1089 0
1090 0
1091 0
1092 0
1093 0
1094 0
1095 0
1096 0
1097 0
1098 0
1099 0
1100 0
1101 0
1102 1
1103 1
1104 1
1105 1
1106 1
1107 1
1108 1
1109 1
1110 1
1111 1
1112 1
1113 1
1114 1
1115 1
1116 1
1117 1
1118 1
1119 1
1120 1
1121 1
1122 1
1123 1
1124 1
1125 1
1126 1
1127 1
1128 1
1129 1
1130 1
1131 1
1132 1
1133 1
1134 1
1135 1
1136 1
1137 1
1138 1
1139 1
1140 1
1141 1
1142 1
1143 1
1144 1
1145 1
1146 1
1147 1
1148 1
1149 1
1150 1
1151 1
1152 1
1153 1
1154 1
1155 1
1156 1
1157 1
1158 1
1159 1
1160 1
1161 1
1162 1
1163 1
1164 1
1165 1
1166 1
1167 1
1168 1
1169 1
1170 1
1171 1
1172 1
1173 1
1174 1
1175 1
1176 1
1177 1
1178 1
1179 1
1180 1
1181 1
1182 1
1183 1
1184 1
1185 1
1186 1
1187 1
1188 1
1189 1
1190 1
1191 1
1192 1
1193 1
1194 1
1195 1
1196 1
1197 1
1198 1
1199 1
1200 1
1201 1
1202 1
1203 1
1204 1
1205 1
1206 1
1207 1
1208 1
1209 1
1210 1
1211 1
1212 1
1213 1
1214 1
1215 1
1216 1
1217 1
1218 1
1219 1
1220 1
1221 1
515 1
514 1
513 1
512 1
511 1
510 1
509 1
508 1
507 1
506 1
505 1
504 1
503 1
502 1
501 1
500 1
499 1
498 1
497 1
496 1
495 1
494 1
493 1
492 1
491 1
490 1
489 1
488 1
487 1
486 1
485 1
484 1
483 1
482 1
481 1
480 1
479 1
478 1
477 1
476 1
475 1
474 1
473 1
472 1
471 1
470 1
469 1
468 1
467 1
466 1
465 1
464 1
463 1
462 1
461 1
460 1
459 1
458 1
457 1
456 1
455 1
454 1
453 1
452 1
451 1
450 1
449 1
448 1
447 1
446 1
445 1
444 1
443 1
442 1
441 1
440 1
439 1
438 1
437 1
436 1
435 1
434 1
433 1
432 1
431 1
430 1
429 1
428 1
427 1
426 1
425 1
424 1
423 1
422 1
421 1
420 1
419 1
418 1
417 1
416 1
415 1
414 1
413 1
412 1
411 1
410 1
409 1
408 1
407 1
406 1
405 1
404 1
403 1
402 1
401 1
400 1
399 1
398 1
397 1
396 1
395 1
394 1
393 1
392 1
391 1
390 1
389 1
388 1
387 1
386 1
385 1
384 1
383 1
382 1
381 1
380 1
379 1
378 1
377 1
376 1
375 1
374 1
373 1
372 1
371 1
370 1
369 1
368 1
367 1
366 1
365 1
364 1
363 1
362 1
361 1
360 1
359 1
358 1
357 1
356 1
355 1
354 1
353 1
352 1
351 1
350 1
349 1
348 1
347 1
346 1
345 1
344 1
343 1
342 1
341 1
340 1
339 1
338 1
337 1
336 1
335 1
334 1
333 1
332 1
331 1
330 1
329 1
328 1
327 1
326 1
325 1
324 1
323 1
322 1
321 1
320 1
319 1
318 1
317 1
316 1
315 1
314 1
313 1
312 1
311 1
310 1
309 1
308 1
307 1
306 1
305 1
304 1
303 1
302 1
301 1
300 1
299 1
298 1
297 1
296 1
295 1
294 1
293 1
292 1
291 1
290 1
289 1
288 1
287 1
286 1
285 1
284 1
283 1
282 1
281 1
280 1
279 1
278 1
277 1
276 1
275 1
274 1
273 1
272 1
271 1
270 1
269 1
268 1
267 1
266 1
265 1
264 1
263 1
262 1
261 1
260 1
259 1
258 1
257 1
256 1
255 1
254 1
253 1
252 1
251 1
250 1
249 1
248 1
247 1
246 1
245 1
244 1
243 1
242 1
241 1
240 1
239 1
238 1
237 1
236 1
235 1
234 1
233 1
232 1
231 1
230 1
229 1
228 1
227 1
226 1
225 1
224 1
223 1
222 1
221 1
220 1
219 1
218 1
217 1
216 1
215 1
214 1
213 1
212 1
211 1
210 1
209 1
208 1
207 1
206 1
205 1
204 1
203 1
202 1
201 1
200 1
199 1
198 1
197 1
196 1
195 1
194 1
193 1
192 1
191 1
190 1
189 1
188 1
187 1
186 1
185 1
184 1
183 1
182 1
181 1
180 1
179 1
178 1
177 1
176 1
175 1
174 1
173 1
172 1
171 1
170 1
169 1
168 1
167 1
166 1
165 1
164 1
163 1
162 1
161 1
160 1
159 1
158 1
157 1
156 1
155 1
154 1
153 1
152 1
151 1
150 1
149 1
148 1
147 1
146 1
145 1
144 1
143 1
142 1
141 1
140 1
139 1
138 1
137 1
136 1
135 1
134 1
133 1
132 1
131 1
130 1
129 1
128 1
127 1
126 1
125 1
124 1
123 1
122 1
121 1
120 1
119 1
118 1
117 1
116 1
115 1
114 1
113 1
112 1
111 1
110 1
109 1
108 1
107 1
106 1
105 1
104 1
103 1
102 1
101 1
100 1
99 1
98 1
97 1
96 1
95 1
94 1
93 1
92 1
91 1
90 1
89 1
88 1
87 1
86 1
85 1
84 1
83 1
82 1
81 1
80 1
79 1
78 1
77 1
76 1
75 1
74 1
73 1
72 1
71 1
70 1
69 1
68 1
67 1
66 1
65 1
64 1
63 1
62 1
61 1
60 1
59 1
58 1
57 1
56 1
55 1
54 1
53 1
52 1
51 1
50 1
49 1
48 1
47 1
46 1
45 1
44 1
43 1
42 1
41 1
40 1
39 1
38 1
37 1
36 1
35 1
34 1
33 1
32 1
31 1
30 1
29 1
28 1
27 1
26 1
25 1
24 1
23 1
22 1
21 1
20 1
19 1
18 1
17 1
16 1
15 1
14 1
13 1
12 1
11 1
10 1
9 1
8 1
7 1
6 1
5 1
4 1
3 1
2 1
1 1
0 1
